 5.13683e-05  3.75733e-05  2.31558e-05  5.98245e-05  2.63248e-05  4.10834e-05  0.499482  3.65052e-05  3.74478e-05  2.1379e-05  5.98245e-05  4.44323e-05  4.75366e-05  5.13683e-05  3.28341e-05  4.13821e-05  5.93435e-05  0.499483  1.68586e-05  4.13821e-05  2.63248e-05  4.48912e-05  3.79522e-05  3.79522e-05  1.68586e-05  4.10834e-05  3.28341e-05  5.99161e-05  4.44323e-05  3.65032e-05 
 5.88547e-06  2.46821e-05  5.42715e-05  2.61196e-05  4.70557e-05  2.45787e-05  2.22992e-05  2.60264e-05  4.40015e-05  5.45464e-05  2.61196e-05  3.90371e-05  2.32545e-05  5.88547e-06  0.499478  4.63205e-05  1.68496e-05  2.22992e-05  5.68658e-05  4.63205e-05  4.70557e-05  1.24957e-05  2.65696e-05  2.65696e-05  5.68658e-05  2.45787e-05  0.499478  1.00707e-05  3.90371e-05  2.70677e-05 
 1.50057e-05  5.4276e-05  4.13284e-05  4.83963e-05  3.91439e-05  0.499476  3.41271e-05  6.63516e-05  3.13454e-05  3.50008e-05  4.83963e-05  4.15852e-05  3.20661e-05  1.50057e-05  3.64467e-05  3.87671e-05  3.74495e-05  3.41271e-05  3.82109e-05  3.87671e-05  3.91439e-05  5.70627e-05  6.33533e-05  6.33533e-05  3.82109e-05  0.499475  3.64467e-05  2.03275e-05  4.15852e-05  3.46824e-05 
 9.23495e-06  2.57403e-05  5.83541e-05  4.00081e-05  3.9001e-05  3.66734e-05  4.03376e-05  4.19751e-05  3.29021e-05  5.48854e-05  4.00081e-05  0.499476  6.64018e-05  9.23495e-06  4.91639e-05  4.73531e-05  2.44627e-05  4.03376e-05  4.37033e-05  4.73531e-05  3.9001e-05  2.18898e-05  3.92567e-05  3.92567e-05  4.37033e-05  3.66734e-05  4.91639e-05  2.18647e-05  0.499476  2.09356e-05 
 5.81371e-06  4.62709e-05  2.32005e-05  2.23058e-05  0.499471  2.63864e-05  2.40798e-05  2.91551e-05  4.71407e-05  4.88054e-05  2.23058e-05  3.52012e-05  4.17296e-05  5.81371e-06  4.55894e-05  3.45675e-05  2.2099e-05  2.40798e-05  5.0539e-05  3.45675e-05  0.499472  1.46462e-05  3.98289e-05  3.98289e-05  5.0539e-05  2.63864e-05  4.55894e-05  1.77795e-05  3.52012e-05  5.67638e-05 
 0.499676  3.13729e-05  1.85069e-05  6.52215e-05  8.23006e-06  4.32339e-05  6.2417e-05  2.31786e-05  2.21515e-05  5.48711e-06  6.52215e-05  1.20326e-05  7.8462e-06  0.499675  1.06366e-05  3.00663e-05  5.3709e-05  6.2417e-05  5.79035e-06  3.00663e-05  8.23006e-06  0.000108415  1.62609e-05  1.62609e-05  5.79035e-06  4.32339e-05  1.06366e-05  0.000114862  1.20326e-05  4.08654e-05 
 1.14676e-05  3.01424e-05  7.77877e-05  3.04089e-05  3.40135e-05  3.21413e-05  3.20484e-05  5.25102e-05  3.38708e-05  3.41057e-05  3.04089e-05  4.01417e-05  1.88545e-05  1.14676e-05  4.68872e-05  0.499472  1.52242e-05  3.20484e-05  3.97053e-05  0.499473  3.40135e-05  2.01396e-05  2.77853e-05  2.77853e-05  3.97053e-05  3.21413e-05  4.68872e-05  1.15626e-05  4.01417e-05  2.78006e-05 
 9.32516e-06  5.43461e-05  2.53481e-05  3.94016e-05  5.21795e-05  5.49272e-05  3.27289e-05  4.20647e-05  4.64934e-05  4.28406e-05  3.94016e-05  4.27236e-05  6.06041e-05  9.32516e-06  3.72981e-05  3.31898e-05  4.24053e-05  3.27289e-05  4.8379e-05  3.31898e-05  5.21795e-05  3.83881e-05  0.499466  0.499467  4.8379e-05  5.49272e-05  3.72981e-05  2.75433e-05  4.27236e-05  3.98098e-05 
 3.65198e-05  4.84542e-05  4.33326e-05  0.499461  3.06955e-05  5.38462e-05  5.8129e-05  4.87216e-05  3.86632e-05  2.56703e-05  0.499462  4.85398e-05  3.59014e-05  3.65198e-05  4.17415e-05  4.26559e-05  4.8399e-05  5.8129e-05  2.26855e-05  4.26559e-05  3.06955e-05  4.67895e-05  4.54443e-05  4.54443e-05  2.26855e-05  5.38462e-05  4.17415e-05  4.11102e-05  4.85398e-05  3.85115e-05 
 4.15268e-06  2.58063e-05  4.40709e-05  1.53223e-05  5.50642e-05  2.20872e-05  1.37162e-05  3.69032e-05  3.68118e-05  7.71959e-05  1.53223e-05  3.49534e-05  2.86855e-05  4.15268e-06  5.4756e-05  3.68309e-05  1.40327e-05  1.37162e-05  0.499498  3.68309e-05  5.50642e-05  1.18484e-05  3.22719e-05  3.22719e-05  0.499499  2.20872e-05  5.4756e-05  7.99789e-06  3.49534e-05  2.49537e-05 
 5.13683e-05  3.75733e-05  2.31558e-05  5.98245e-05  2.63248e-05  4.10834e-05  0.499483  3.65052e-05  3.74478e-05  2.1379e-05  5.98245e-05  4.44323e-05  4.75366e-05  5.13683e-05  3.28341e-05  4.13821e-05  5.93435e-05  0.499482  1.68586e-05  4.13821e-05  2.63248e-05  4.48912e-05  3.79522e-05  3.79522e-05  1.68586e-05  4.10834e-05  3.28341e-05  5.99161e-05  4.44323e-05  3.65032e-05 
 5.88547e-06  2.46821e-05  5.42715e-05  2.61196e-05  4.70557e-05  2.45787e-05  2.22992e-05  2.60264e-05  4.40015e-05  5.45464e-05  2.61196e-05  3.90371e-05  2.32545e-05  5.88547e-06  0.499478  4.63205e-05  1.68496e-05  2.22992e-05  5.68658e-05  4.63205e-05  4.70557e-05  1.24957e-05  2.65696e-05  2.65696e-05  5.68658e-05  2.45787e-05  0.499478  1.00707e-05  3.90371e-05  2.70677e-05 
 1.50057e-05  5.4276e-05  4.13284e-05  4.83963e-05  3.91439e-05  0.499475  3.41271e-05  6.63516e-05  3.13454e-05  3.50008e-05  4.83963e-05  4.15852e-05  3.20661e-05  1.50057e-05  3.64467e-05  3.87671e-05  3.74495e-05  3.41271e-05  3.82109e-05  3.87671e-05  3.91439e-05  5.70627e-05  6.33533e-05  6.33533e-05  3.82109e-05  0.499476  3.64467e-05  2.03275e-05  4.15852e-05  3.46824e-05 
 9.23495e-06  2.57403e-05  5.83541e-05  4.00081e-05  3.9001e-05  3.66734e-05  4.03376e-05  4.19751e-05  3.29021e-05  5.48854e-05  4.00081e-05  0.499476  6.64018e-05  9.23495e-06  4.9164e-05  4.73531e-05  2.44627e-05  4.03376e-05  4.37033e-05  4.73531e-05  3.9001e-05  2.18898e-05  3.92567e-05  3.92567e-05  4.37033e-05  3.66734e-05  4.9164e-05  2.18647e-05  0.499476  2.09356e-05 
 5.81371e-06  4.62709e-05  2.32005e-05  2.23058e-05  0.499472  2.63864e-05  2.40798e-05  2.91551e-05  4.71407e-05  4.88054e-05  2.23058e-05  3.52012e-05  4.17296e-05  5.81371e-06  4.55894e-05  3.45675e-05  2.2099e-05  2.40798e-05  5.0539e-05  3.45675e-05  0.499471  1.46462e-05  3.98289e-05  3.98289e-05  5.0539e-05  2.63864e-05  4.55894e-05  1.77795e-05  3.52012e-05  5.67638e-05 
 0.499675  3.13729e-05  1.85069e-05  6.52215e-05  8.23006e-06  4.32339e-05  6.2417e-05  2.31786e-05  2.21515e-05  5.48711e-06  6.52215e-05  1.20326e-05  7.8462e-06  0.499676  1.06366e-05  3.00663e-05  5.3709e-05  6.2417e-05  5.79035e-06  3.00663e-05  8.23006e-06  0.000108415  1.62609e-05  1.62609e-05  5.79035e-06  4.32339e-05  1.06366e-05  0.000114862  1.20326e-05  4.08654e-05 
 1.14676e-05  3.01424e-05  7.77877e-05  3.04089e-05  3.40135e-05  3.21413e-05  3.20484e-05  5.25102e-05  3.38708e-05  3.41057e-05  3.04089e-05  4.01417e-05  1.88545e-05  1.14676e-05  4.68872e-05  0.499473  1.52242e-05  3.20484e-05  3.97053e-05  0.499472  3.40135e-05  2.01396e-05  2.77853e-05  2.77853e-05  3.97053e-05  3.21413e-05  4.68872e-05  1.15626e-05  4.01417e-05  2.78006e-05 
 9.32516e-06  5.43461e-05  2.53481e-05  3.94016e-05  5.21795e-05  5.49272e-05  3.27289e-05  4.20647e-05  4.64934e-05  4.28406e-05  3.94016e-05  4.27236e-05  6.06041e-05  9.32516e-06  3.72981e-05  3.31898e-05  4.24053e-05  3.27289e-05  4.8379e-05  3.31898e-05  5.21795e-05  3.83881e-05  0.499467  0.499466  4.8379e-05  5.49272e-05  3.72981e-05  2.75433e-05  4.27236e-05  3.98098e-05 
 3.65198e-05  4.84542e-05  4.33326e-05  0.499462  3.06955e-05  5.38462e-05  5.8129e-05  4.87216e-05  3.86632e-05  2.56703e-05  0.499461  4.85398e-05  3.59014e-05  3.65198e-05  4.17415e-05  4.26559e-05  4.8399e-05  5.8129e-05  2.26855e-05  4.26559e-05  3.06955e-05  4.67895e-05  4.54443e-05  4.54443e-05  2.26855e-05  5.38462e-05  4.17415e-05  4.11102e-05  4.85398e-05  3.85115e-05 
 4.15268e-06  2.58063e-05  4.40709e-05  1.53223e-05  5.50642e-05  2.20872e-05  1.37162e-05  3.69032e-05  3.68118e-05  7.71959e-05  1.53223e-05  3.49534e-05  2.86855e-05  4.15268e-06  5.4756e-05  3.68309e-05  1.40327e-05  1.37162e-05  0.499499  3.68309e-05  5.50642e-05  1.18484e-05  3.22719e-05  3.22719e-05  0.499498  2.20872e-05  5.4756e-05  7.99789e-06  3.49534e-05  2.49537e-05 
 1.87768e-05  3.8659e-05  1.62511e-05  3.56622e-05  4.51878e-05  2.49283e-05  3.88274e-05  1.9184e-05  0.998902  4.00475e-05  3.56622e-05  3.11264e-05  4.03114e-05  1.87768e-05  4.51806e-05  4.24594e-05  4.14261e-05  3.88274e-05  3.42607e-05  4.24594e-05  4.51878e-05  3.91213e-05  3.68145e-05  3.68145e-05  3.42607e-05  2.49283e-05  4.51806e-05  4.49319e-05  3.11264e-05  6.62511e-05 
 1.13368e-05  0.998914  2.38965e-05  4.03408e-05  5.96548e-05  4.84056e-05  3.22847e-05  4.84758e-05  4.02044e-05  2.29402e-05  4.03408e-05  2.69426e-05  3.22837e-05  1.13368e-05  3.2824e-05  3.45484e-05  3.66291e-05  3.22847e-05  3.87575e-05  3.45484e-05  5.96548e-05  3.18504e-05  6.0047e-05  6.0047e-05  3.87575e-05  4.84056e-05  3.2824e-05  2.19903e-05  2.69426e-05  6.91394e-05 
 4.17601e-06  1.82218e-05  4.26254e-05  1.8014e-05  5.1908e-05  2.42728e-05  1.6025e-05  3.60999e-05  3.6168e-05  0.998937  1.8014e-05  4.98067e-05  2.71801e-05  4.17601e-06  4.56725e-05  2.99472e-05  1.39738e-05  1.6025e-05  7.43873e-05  2.99472e-05  5.1908e-05  1.42455e-05  3.10392e-05  3.10392e-05  7.43873e-05  2.42728e-05  4.56725e-05  1.02991e-05  4.98067e-05  2.08343e-05 
 8.48647e-05  3.89748e-05  2.15823e-05  5.969e-05  2.09487e-05  6.67281e-05  4.84741e-05  5.5617e-05  4.51254e-05  2.04722e-05  5.969e-05  3.15221e-05  2.92695e-05  8.48647e-05  1.96398e-05  3.21512e-05  4.68493e-05  4.84741e-05  1.76117e-05  3.21512e-05  2.09487e-05  0.998931  4.96166e-05  4.96166e-05  1.76117e-05  6.67281e-05  1.96398e-05  6.29615e-05  3.15221e-05  4.88981e-05 
 8.37321e-06  3.915e-05  5.33083e-05  3.70075e-05  3.67155e-05  5.78902e-05  2.52441e-05  0.998899  1.94153e-05  4.40632e-05  3.70075e-05  4.34025e-05  3.08794e-05  8.37321e-06  3.38412e-05  5.00378e-05  1.73458e-05  2.52441e-05  5.20807e-05  5.00378e-05  3.67155e-05  3.42479e-05  4.39096e-05  4.39096e-05  5.20807e-05  5.78902e-05  3.38412e-05  9.99592e-06  4.34025e-05  2.1023e-05 
 7.40258e-06  3.05024e-05  1.64647e-05  3.37856e-05  4.8024e-05  2.91842e-05  4.6756e-05  3.60994e-05  4.65472e-05  3.50224e-05  3.37856e-05  7.72653e-05  0.998972  7.40258e-06  3.26781e-05  2.44039e-05  8.08446e-05  4.6756e-05  3.8503e-05  2.44039e-05  4.8024e-05  2.75431e-05  5.80258e-05  5.80258e-05  3.8503e-05  2.91842e-05  3.26781e-05  3.77102e-05  7.72653e-05  2.22788e-05 
 6.22636e-06  1.56104e-05  0.99897  2.23337e-05  2.36649e-05  2.7822e-05  1.3799e-05  3.87827e-05  1.36268e-05  4.91835e-05  2.23337e-05  3.99836e-05  1.01665e-05  6.22636e-06  5.5993e-05  6.98614e-05  8.53644e-06  1.3799e-05  5.0386e-05  6.98614e-05  2.36649e-05  1.13847e-05  1.71197e-05  1.71197e-05  5.0386e-05  2.7822e-05  5.5993e-05  5.73431e-06  3.99836e-05  1.36087e-05 
 0.000140309  3.74247e-05  7.66513e-06  5.10014e-05  2.00973e-05  2.94677e-05  7.30148e-05  1.42484e-05  4.30043e-05  9.94773e-06  5.10014e-05  2.06682e-05  2.94013e-05  0.000140309  1.17448e-05  1.63134e-05  0.000100272  7.30148e-05  8.59992e-06  1.63134e-05  2.00973e-05  7.26043e-05  3.38628e-05  3.38628e-05  8.59992e-06  2.94677e-05  1.17448e-05  0.999002  2.06682e-05  5.33829e-05 
 1.96722e-05  6.80262e-05  1.71802e-05  3.44829e-05  5.78813e-05  3.15976e-05  3.38779e-05  2.63458e-05  5.43203e-05  2.32701e-05  3.44829e-05  2.18578e-05  2.19779e-05  1.96722e-05  2.83387e-05  3.10335e-05  2.77732e-05  3.38779e-05  2.4804e-05  3.10335e-05  5.78813e-05  4.09159e-05  3.67855e-05  3.67855e-05  2.4804e-05  3.15976e-05  2.83387e-05  3.27083e-05  2.18578e-05  0.998942 
 5.08727e-05  4.19716e-05  1.18164e-05  5.02564e-05  2.90297e-05  3.88485e-05  6.67979e-05  1.95047e-05  5.82964e-05  1.8007e-05  5.02564e-05  2.79579e-05  8.10464e-05  5.08727e-05  2.72553e-05  2.24977e-05  0.998958  6.67979e-05  1.82371e-05  2.24977e-05  2.90297e-05  4.3659e-05  4.22902e-05  4.22902e-05  1.82371e-05  3.88485e-05  2.72553e-05  0.000105983  2.79579e-05  4.68761e-05 
